Atmospheric composition input data file for planet: Earth
Number of atmospheric levels: 441
Number of molecules:   4

       z (km)     /    P (atm)     /     T (K)      /      x[N2_]     /     x[CO2]     /     x[CH4]     /     x[H2O]
  0.000000000E+00  0.986923267E-06  0.100000000E+03  0.999611900E+00  0.375999962E-03  0.174999983E-05  0.100000000E-06
  0.000000000E+00  0.986923267E-06  0.150000000E+03  0.999611900E+00  0.375999962E-03  0.174999983E-05  0.100000000E-06
  0.000000000E+00  0.986923267E-06  0.200000000E+03  0.999611900E+00  0.375999962E-03  0.174999983E-05  0.100000000E-06
  0.000000000E+00  0.986923267E-06  0.250000000E+03  0.999611900E+00  0.375999962E-03  0.174999983E-05  0.100000000E-06
  0.000000000E+00  0.986923267E-06  0.300000000E+03  0.999611900E+00  0.375999962E-03  0.174999983E-05  0.100000000E-06
  0.000000000E+00  0.986923267E-06  0.350000000E+03  0.999611900E+00  0.375999962E-03  0.174999983E-05  0.100000000E-06
  0.000000000E+00  0.986923267E-06  0.400000000E+03  0.999611900E+00  0.375999962E-03  0.174999983E-05  0.100000000E-06
  0.000000000E+00  0.986923267E-05  0.100000000E+03  0.999611900E+00  0.375999962E-03  0.174999983E-05  0.100000000E-06
  0.000000000E+00  0.986923267E-05  0.150000000E+03  0.999611900E+00  0.375999962E-03  0.174999983E-05  0.100000000E-06
  0.000000000E+00  0.986923267E-05  0.200000000E+03  0.999611900E+00  0.375999962E-03  0.174999983E-05  0.100000000E-06
  0.000000000E+00  0.986923267E-05  0.250000000E+03  0.999611900E+00  0.375999962E-03  0.174999983E-05  0.100000000E-06
  0.000000000E+00  0.986923267E-05  0.300000000E+03  0.999611900E+00  0.375999962E-03  0.174999983E-05  0.100000000E-06
  0.000000000E+00  0.986923267E-05  0.350000000E+03  0.999611900E+00  0.375999962E-03  0.174999983E-05  0.100000000E-06
  0.000000000E+00  0.986923267E-05  0.400000000E+03  0.999611900E+00  0.375999962E-03  0.174999983E-05  0.100000000E-06
  0.000000000E+00  0.986923267E-04  0.100000000E+03  0.999611900E+00  0.375999962E-03  0.174999983E-05  0.100000000E-06
  0.000000000E+00  0.986923267E-04  0.150000000E+03  0.999611900E+00  0.375999962E-03  0.174999983E-05  0.100000000E-06
  0.000000000E+00  0.986923267E-04  0.200000000E+03  0.999611900E+00  0.375999962E-03  0.174999983E-05  0.100000000E-06
  0.000000000E+00  0.986923267E-04  0.250000000E+03  0.999611900E+00  0.375999962E-03  0.174999983E-05  0.100000000E-06
  0.000000000E+00  0.986923267E-04  0.300000000E+03  0.999611900E+00  0.375999962E-03  0.174999983E-05  0.100000000E-06
  0.000000000E+00  0.986923267E-04  0.350000000E+03  0.999611900E+00  0.375999962E-03  0.174999983E-05  0.100000000E-06
  0.000000000E+00  0.986923267E-04  0.400000000E+03  0.999611900E+00  0.375999962E-03  0.174999983E-05  0.100000000E-06
  0.000000000E+00  0.986923267E-03  0.100000000E+03  0.999611900E+00  0.375999962E-03  0.174999983E-05  0.100000000E-06
  0.000000000E+00  0.986923267E-03  0.150000000E+03  0.999611900E+00  0.375999962E-03  0.174999983E-05  0.100000000E-06
  0.000000000E+00  0.986923267E-03  0.200000000E+03  0.999611900E+00  0.375999962E-03  0.174999983E-05  0.100000000E-06
  0.000000000E+00  0.986923267E-03  0.250000000E+03  0.999611900E+00  0.375999962E-03  0.174999983E-05  0.100000000E-06
  0.000000000E+00  0.986923267E-03  0.300000000E+03  0.999611900E+00  0.375999962E-03  0.174999983E-05  0.100000000E-06
  0.000000000E+00  0.986923267E-03  0.350000000E+03  0.999611900E+00  0.375999962E-03  0.174999983E-05  0.100000000E-06
  0.000000000E+00  0.986923267E-03  0.400000000E+03  0.999611900E+00  0.375999962E-03  0.174999983E-05  0.100000000E-06
  0.000000000E+00  0.986923267E-02  0.100000000E+03  0.999611900E+00  0.375999962E-03  0.174999983E-05  0.100000000E-06
  0.000000000E+00  0.986923267E-02  0.150000000E+03  0.999611900E+00  0.375999962E-03  0.174999983E-05  0.100000000E-06
  0.000000000E+00  0.986923267E-02  0.200000000E+03  0.999611900E+00  0.375999962E-03  0.174999983E-05  0.100000000E-06
  0.000000000E+00  0.986923267E-02  0.250000000E+03  0.999611900E+00  0.375999962E-03  0.174999983E-05  0.100000000E-06
  0.000000000E+00  0.986923267E-02  0.300000000E+03  0.999611900E+00  0.375999962E-03  0.174999983E-05  0.100000000E-06
  0.000000000E+00  0.986923267E-02  0.350000000E+03  0.999611900E+00  0.375999962E-03  0.174999983E-05  0.100000000E-06
  0.000000000E+00  0.986923267E-02  0.400000000E+03  0.999611900E+00  0.375999962E-03  0.174999983E-05  0.100000000E-06
  0.000000000E+00  0.986923267E-01  0.100000000E+03  0.999611900E+00  0.375999962E-03  0.174999983E-05  0.100000000E-06
  0.000000000E+00  0.986923267E-01  0.150000000E+03  0.999611900E+00  0.375999962E-03  0.174999983E-05  0.100000000E-06
  0.000000000E+00  0.986923267E-01  0.200000000E+03  0.999611900E+00  0.375999962E-03  0.174999983E-05  0.100000000E-06
  0.000000000E+00  0.986923267E-01  0.250000000E+03  0.999611900E+00  0.375999962E-03  0.174999983E-05  0.100000000E-06
  0.000000000E+00  0.986923267E-01  0.300000000E+03  0.999611900E+00  0.375999962E-03  0.174999983E-05  0.100000000E-06
  0.000000000E+00  0.986923267E-01  0.350000000E+03  0.999611900E+00  0.375999962E-03  0.174999983E-05  0.100000000E-06
  0.000000000E+00  0.986923267E-01  0.400000000E+03  0.999611900E+00  0.375999962E-03  0.174999983E-05  0.100000000E-06
  0.000000000E+00  0.986923267E+00  0.100000000E+03  0.999611900E+00  0.375999962E-03  0.174999983E-05  0.100000000E-06
  0.000000000E+00  0.986923267E+00  0.150000000E+03  0.999611900E+00  0.375999962E-03  0.174999983E-05  0.100000000E-06
  0.000000000E+00  0.986923267E+00  0.200000000E+03  0.999611900E+00  0.375999962E-03  0.174999983E-05  0.100000000E-06
  0.000000000E+00  0.986923267E+00  0.250000000E+03  0.999611900E+00  0.375999962E-03  0.174999983E-05  0.100000000E-06
  0.000000000E+00  0.986923267E+00  0.300000000E+03  0.999611900E+00  0.375999962E-03  0.174999983E-05  0.100000000E-06
  0.000000000E+00  0.986923267E+00  0.350000000E+03  0.999611900E+00  0.375999962E-03  0.174999983E-05  0.100000000E-06
  0.000000000E+00  0.986923267E+00  0.400000000E+03  0.999611900E+00  0.375999962E-03  0.174999983E-05  0.100000000E-06
  0.000000000E+00  0.986923267E+01  0.100000000E+03  0.999611900E+00  0.375999962E-03  0.174999983E-05  0.100000000E-06
  0.000000000E+00  0.986923267E+01  0.150000000E+03  0.999611900E+00  0.375999962E-03  0.174999983E-05  0.100000000E-06
  0.000000000E+00  0.986923267E+01  0.200000000E+03  0.999611900E+00  0.375999962E-03  0.174999983E-05  0.100000000E-06
  0.000000000E+00  0.986923267E+01  0.250000000E+03  0.999611900E+00  0.375999962E-03  0.174999983E-05  0.100000000E-06
  0.000000000E+00  0.986923267E+01  0.300000000E+03  0.999611900E+00  0.375999962E-03  0.174999983E-05  0.100000000E-06
  0.000000000E+00  0.986923267E+01  0.350000000E+03  0.999611900E+00  0.375999962E-03  0.174999983E-05  0.100000000E-06
  0.000000000E+00  0.986923267E+01  0.400000000E+03  0.999611900E+00  0.375999962E-03  0.174999983E-05  0.100000000E-06
  0.000000000E+00  0.986923267E+02  0.100000000E+03  0.999611900E+00  0.375999962E-03  0.174999983E-05  0.100000000E-06
  0.000000000E+00  0.986923267E+02  0.150000000E+03  0.999611900E+00  0.375999962E-03  0.174999983E-05  0.100000000E-06
  0.000000000E+00  0.986923267E+02  0.200000000E+03  0.999611900E+00  0.375999962E-03  0.174999983E-05  0.100000000E-06
  0.000000000E+00  0.986923267E+02  0.250000000E+03  0.999611900E+00  0.375999962E-03  0.174999983E-05  0.100000000E-06
  0.000000000E+00  0.986923267E+02  0.300000000E+03  0.999611900E+00  0.375999962E-03  0.174999983E-05  0.100000000E-06
  0.000000000E+00  0.986923267E+02  0.350000000E+03  0.999611900E+00  0.375999962E-03  0.174999983E-05  0.100000000E-06
  0.000000000E+00  0.986923267E+02  0.400000000E+03  0.999611900E+00  0.375999962E-03  0.174999983E-05  0.100000000E-06
  0.000000000E+00  0.986923267E-06  0.100000000E+03  0.999611000E+00  0.375999624E-03  0.174999825E-05  0.100000000E-05
  0.000000000E+00  0.986923267E-06  0.150000000E+03  0.999611000E+00  0.375999624E-03  0.174999825E-05  0.100000000E-05
  0.000000000E+00  0.986923267E-06  0.200000000E+03  0.999611000E+00  0.375999624E-03  0.174999825E-05  0.100000000E-05
  0.000000000E+00  0.986923267E-06  0.250000000E+03  0.999611000E+00  0.375999624E-03  0.174999825E-05  0.100000000E-05
  0.000000000E+00  0.986923267E-06  0.300000000E+03  0.999611000E+00  0.375999624E-03  0.174999825E-05  0.100000000E-05
  0.000000000E+00  0.986923267E-06  0.350000000E+03  0.999611000E+00  0.375999624E-03  0.174999825E-05  0.100000000E-05
  0.000000000E+00  0.986923267E-06  0.400000000E+03  0.999611000E+00  0.375999624E-03  0.174999825E-05  0.100000000E-05
  0.000000000E+00  0.986923267E-05  0.100000000E+03  0.999611000E+00  0.375999624E-03  0.174999825E-05  0.100000000E-05
  0.000000000E+00  0.986923267E-05  0.150000000E+03  0.999611000E+00  0.375999624E-03  0.174999825E-05  0.100000000E-05
  0.000000000E+00  0.986923267E-05  0.200000000E+03  0.999611000E+00  0.375999624E-03  0.174999825E-05  0.100000000E-05
  0.000000000E+00  0.986923267E-05  0.250000000E+03  0.999611000E+00  0.375999624E-03  0.174999825E-05  0.100000000E-05
  0.000000000E+00  0.986923267E-05  0.300000000E+03  0.999611000E+00  0.375999624E-03  0.174999825E-05  0.100000000E-05
  0.000000000E+00  0.986923267E-05  0.350000000E+03  0.999611000E+00  0.375999624E-03  0.174999825E-05  0.100000000E-05
  0.000000000E+00  0.986923267E-05  0.400000000E+03  0.999611000E+00  0.375999624E-03  0.174999825E-05  0.100000000E-05
  0.000000000E+00  0.986923267E-04  0.100000000E+03  0.999611000E+00  0.375999624E-03  0.174999825E-05  0.100000000E-05
  0.000000000E+00  0.986923267E-04  0.150000000E+03  0.999611000E+00  0.375999624E-03  0.174999825E-05  0.100000000E-05
  0.000000000E+00  0.986923267E-04  0.200000000E+03  0.999611000E+00  0.375999624E-03  0.174999825E-05  0.100000000E-05
  0.000000000E+00  0.986923267E-04  0.250000000E+03  0.999611000E+00  0.375999624E-03  0.174999825E-05  0.100000000E-05
  0.000000000E+00  0.986923267E-04  0.300000000E+03  0.999611000E+00  0.375999624E-03  0.174999825E-05  0.100000000E-05
  0.000000000E+00  0.986923267E-04  0.350000000E+03  0.999611000E+00  0.375999624E-03  0.174999825E-05  0.100000000E-05
  0.000000000E+00  0.986923267E-04  0.400000000E+03  0.999611000E+00  0.375999624E-03  0.174999825E-05  0.100000000E-05
  0.000000000E+00  0.986923267E-03  0.100000000E+03  0.999611000E+00  0.375999624E-03  0.174999825E-05  0.100000000E-05
  0.000000000E+00  0.986923267E-03  0.150000000E+03  0.999611000E+00  0.375999624E-03  0.174999825E-05  0.100000000E-05
  0.000000000E+00  0.986923267E-03  0.200000000E+03  0.999611000E+00  0.375999624E-03  0.174999825E-05  0.100000000E-05
  0.000000000E+00  0.986923267E-03  0.250000000E+03  0.999611000E+00  0.375999624E-03  0.174999825E-05  0.100000000E-05
  0.000000000E+00  0.986923267E-03  0.300000000E+03  0.999611000E+00  0.375999624E-03  0.174999825E-05  0.100000000E-05
  0.000000000E+00  0.986923267E-03  0.350000000E+03  0.999611000E+00  0.375999624E-03  0.174999825E-05  0.100000000E-05
  0.000000000E+00  0.986923267E-03  0.400000000E+03  0.999611000E+00  0.375999624E-03  0.174999825E-05  0.100000000E-05
  0.000000000E+00  0.986923267E-02  0.100000000E+03  0.999611000E+00  0.375999624E-03  0.174999825E-05  0.100000000E-05
  0.000000000E+00  0.986923267E-02  0.150000000E+03  0.999611000E+00  0.375999624E-03  0.174999825E-05  0.100000000E-05
  0.000000000E+00  0.986923267E-02  0.200000000E+03  0.999611000E+00  0.375999624E-03  0.174999825E-05  0.100000000E-05
  0.000000000E+00  0.986923267E-02  0.250000000E+03  0.999611000E+00  0.375999624E-03  0.174999825E-05  0.100000000E-05
  0.000000000E+00  0.986923267E-02  0.300000000E+03  0.999611000E+00  0.375999624E-03  0.174999825E-05  0.100000000E-05
  0.000000000E+00  0.986923267E-02  0.350000000E+03  0.999611000E+00  0.375999624E-03  0.174999825E-05  0.100000000E-05
  0.000000000E+00  0.986923267E-02  0.400000000E+03  0.999611000E+00  0.375999624E-03  0.174999825E-05  0.100000000E-05
  0.000000000E+00  0.986923267E-01  0.100000000E+03  0.999611000E+00  0.375999624E-03  0.174999825E-05  0.100000000E-05
  0.000000000E+00  0.986923267E-01  0.150000000E+03  0.999611000E+00  0.375999624E-03  0.174999825E-05  0.100000000E-05
  0.000000000E+00  0.986923267E-01  0.200000000E+03  0.999611000E+00  0.375999624E-03  0.174999825E-05  0.100000000E-05
  0.000000000E+00  0.986923267E-01  0.250000000E+03  0.999611000E+00  0.375999624E-03  0.174999825E-05  0.100000000E-05
  0.000000000E+00  0.986923267E-01  0.300000000E+03  0.999611000E+00  0.375999624E-03  0.174999825E-05  0.100000000E-05
  0.000000000E+00  0.986923267E-01  0.350000000E+03  0.999611000E+00  0.375999624E-03  0.174999825E-05  0.100000000E-05
  0.000000000E+00  0.986923267E-01  0.400000000E+03  0.999611000E+00  0.375999624E-03  0.174999825E-05  0.100000000E-05
  0.000000000E+00  0.986923267E+00  0.100000000E+03  0.999611000E+00  0.375999624E-03  0.174999825E-05  0.100000000E-05
  0.000000000E+00  0.986923267E+00  0.150000000E+03  0.999611000E+00  0.375999624E-03  0.174999825E-05  0.100000000E-05
  0.000000000E+00  0.986923267E+00  0.200000000E+03  0.999611000E+00  0.375999624E-03  0.174999825E-05  0.100000000E-05
  0.000000000E+00  0.986923267E+00  0.250000000E+03  0.999611000E+00  0.375999624E-03  0.174999825E-05  0.100000000E-05
  0.000000000E+00  0.986923267E+00  0.300000000E+03  0.999611000E+00  0.375999624E-03  0.174999825E-05  0.100000000E-05
  0.000000000E+00  0.986923267E+00  0.350000000E+03  0.999611000E+00  0.375999624E-03  0.174999825E-05  0.100000000E-05
  0.000000000E+00  0.986923267E+00  0.400000000E+03  0.999611000E+00  0.375999624E-03  0.174999825E-05  0.100000000E-05
  0.000000000E+00  0.986923267E+01  0.100000000E+03  0.999611000E+00  0.375999624E-03  0.174999825E-05  0.100000000E-05
  0.000000000E+00  0.986923267E+01  0.150000000E+03  0.999611000E+00  0.375999624E-03  0.174999825E-05  0.100000000E-05
  0.000000000E+00  0.986923267E+01  0.200000000E+03  0.999611000E+00  0.375999624E-03  0.174999825E-05  0.100000000E-05
  0.000000000E+00  0.986923267E+01  0.250000000E+03  0.999611000E+00  0.375999624E-03  0.174999825E-05  0.100000000E-05
  0.000000000E+00  0.986923267E+01  0.300000000E+03  0.999611000E+00  0.375999624E-03  0.174999825E-05  0.100000000E-05
  0.000000000E+00  0.986923267E+01  0.350000000E+03  0.999611000E+00  0.375999624E-03  0.174999825E-05  0.100000000E-05
  0.000000000E+00  0.986923267E+01  0.400000000E+03  0.999611000E+00  0.375999624E-03  0.174999825E-05  0.100000000E-05
  0.000000000E+00  0.986923267E+02  0.100000000E+03  0.999611000E+00  0.375999624E-03  0.174999825E-05  0.100000000E-05
  0.000000000E+00  0.986923267E+02  0.150000000E+03  0.999611000E+00  0.375999624E-03  0.174999825E-05  0.100000000E-05
  0.000000000E+00  0.986923267E+02  0.200000000E+03  0.999611000E+00  0.375999624E-03  0.174999825E-05  0.100000000E-05
  0.000000000E+00  0.986923267E+02  0.250000000E+03  0.999611000E+00  0.375999624E-03  0.174999825E-05  0.100000000E-05
  0.000000000E+00  0.986923267E+02  0.300000000E+03  0.999611000E+00  0.375999624E-03  0.174999825E-05  0.100000000E-05
  0.000000000E+00  0.986923267E+02  0.350000000E+03  0.999611000E+00  0.375999624E-03  0.174999825E-05  0.100000000E-05
  0.000000000E+00  0.986923267E+02  0.400000000E+03  0.999611000E+00  0.375999624E-03  0.174999825E-05  0.100000000E-05
  0.000000000E+00  0.986923267E-06  0.100000000E+03  0.999602004E+00  0.375996240E-03  0.174998250E-05  0.100000000E-04
  0.000000000E+00  0.986923267E-06  0.150000000E+03  0.999602004E+00  0.375996240E-03  0.174998250E-05  0.100000000E-04
  0.000000000E+00  0.986923267E-06  0.200000000E+03  0.999602004E+00  0.375996240E-03  0.174998250E-05  0.100000000E-04
  0.000000000E+00  0.986923267E-06  0.250000000E+03  0.999602004E+00  0.375996240E-03  0.174998250E-05  0.100000000E-04
  0.000000000E+00  0.986923267E-06  0.300000000E+03  0.999602004E+00  0.375996240E-03  0.174998250E-05  0.100000000E-04
  0.000000000E+00  0.986923267E-06  0.350000000E+03  0.999602004E+00  0.375996240E-03  0.174998250E-05  0.100000000E-04
  0.000000000E+00  0.986923267E-06  0.400000000E+03  0.999602004E+00  0.375996240E-03  0.174998250E-05  0.100000000E-04
  0.000000000E+00  0.986923267E-05  0.100000000E+03  0.999602004E+00  0.375996240E-03  0.174998250E-05  0.100000000E-04
  0.000000000E+00  0.986923267E-05  0.150000000E+03  0.999602004E+00  0.375996240E-03  0.174998250E-05  0.100000000E-04
  0.000000000E+00  0.986923267E-05  0.200000000E+03  0.999602004E+00  0.375996240E-03  0.174998250E-05  0.100000000E-04
  0.000000000E+00  0.986923267E-05  0.250000000E+03  0.999602004E+00  0.375996240E-03  0.174998250E-05  0.100000000E-04
  0.000000000E+00  0.986923267E-05  0.300000000E+03  0.999602004E+00  0.375996240E-03  0.174998250E-05  0.100000000E-04
  0.000000000E+00  0.986923267E-05  0.350000000E+03  0.999602004E+00  0.375996240E-03  0.174998250E-05  0.100000000E-04
  0.000000000E+00  0.986923267E-05  0.400000000E+03  0.999602004E+00  0.375996240E-03  0.174998250E-05  0.100000000E-04
  0.000000000E+00  0.986923267E-04  0.100000000E+03  0.999602004E+00  0.375996240E-03  0.174998250E-05  0.100000000E-04
  0.000000000E+00  0.986923267E-04  0.150000000E+03  0.999602004E+00  0.375996240E-03  0.174998250E-05  0.100000000E-04
  0.000000000E+00  0.986923267E-04  0.200000000E+03  0.999602004E+00  0.375996240E-03  0.174998250E-05  0.100000000E-04
  0.000000000E+00  0.986923267E-04  0.250000000E+03  0.999602004E+00  0.375996240E-03  0.174998250E-05  0.100000000E-04
  0.000000000E+00  0.986923267E-04  0.300000000E+03  0.999602004E+00  0.375996240E-03  0.174998250E-05  0.100000000E-04
  0.000000000E+00  0.986923267E-04  0.350000000E+03  0.999602004E+00  0.375996240E-03  0.174998250E-05  0.100000000E-04
  0.000000000E+00  0.986923267E-04  0.400000000E+03  0.999602004E+00  0.375996240E-03  0.174998250E-05  0.100000000E-04
  0.000000000E+00  0.986923267E-03  0.100000000E+03  0.999602004E+00  0.375996240E-03  0.174998250E-05  0.100000000E-04
  0.000000000E+00  0.986923267E-03  0.150000000E+03  0.999602004E+00  0.375996240E-03  0.174998250E-05  0.100000000E-04
  0.000000000E+00  0.986923267E-03  0.200000000E+03  0.999602004E+00  0.375996240E-03  0.174998250E-05  0.100000000E-04
  0.000000000E+00  0.986923267E-03  0.250000000E+03  0.999602004E+00  0.375996240E-03  0.174998250E-05  0.100000000E-04
  0.000000000E+00  0.986923267E-03  0.300000000E+03  0.999602004E+00  0.375996240E-03  0.174998250E-05  0.100000000E-04
  0.000000000E+00  0.986923267E-03  0.350000000E+03  0.999602004E+00  0.375996240E-03  0.174998250E-05  0.100000000E-04
  0.000000000E+00  0.986923267E-03  0.400000000E+03  0.999602004E+00  0.375996240E-03  0.174998250E-05  0.100000000E-04
  0.000000000E+00  0.986923267E-02  0.100000000E+03  0.999602004E+00  0.375996240E-03  0.174998250E-05  0.100000000E-04
  0.000000000E+00  0.986923267E-02  0.150000000E+03  0.999602004E+00  0.375996240E-03  0.174998250E-05  0.100000000E-04
  0.000000000E+00  0.986923267E-02  0.200000000E+03  0.999602004E+00  0.375996240E-03  0.174998250E-05  0.100000000E-04
  0.000000000E+00  0.986923267E-02  0.250000000E+03  0.999602004E+00  0.375996240E-03  0.174998250E-05  0.100000000E-04
  0.000000000E+00  0.986923267E-02  0.300000000E+03  0.999602004E+00  0.375996240E-03  0.174998250E-05  0.100000000E-04
  0.000000000E+00  0.986923267E-02  0.350000000E+03  0.999602004E+00  0.375996240E-03  0.174998250E-05  0.100000000E-04
  0.000000000E+00  0.986923267E-02  0.400000000E+03  0.999602004E+00  0.375996240E-03  0.174998250E-05  0.100000000E-04
  0.000000000E+00  0.986923267E-01  0.100000000E+03  0.999602004E+00  0.375996240E-03  0.174998250E-05  0.100000000E-04
  0.000000000E+00  0.986923267E-01  0.150000000E+03  0.999602004E+00  0.375996240E-03  0.174998250E-05  0.100000000E-04
  0.000000000E+00  0.986923267E-01  0.200000000E+03  0.999602004E+00  0.375996240E-03  0.174998250E-05  0.100000000E-04
  0.000000000E+00  0.986923267E-01  0.250000000E+03  0.999602004E+00  0.375996240E-03  0.174998250E-05  0.100000000E-04
  0.000000000E+00  0.986923267E-01  0.300000000E+03  0.999602004E+00  0.375996240E-03  0.174998250E-05  0.100000000E-04
  0.000000000E+00  0.986923267E-01  0.350000000E+03  0.999602004E+00  0.375996240E-03  0.174998250E-05  0.100000000E-04
  0.000000000E+00  0.986923267E-01  0.400000000E+03  0.999602004E+00  0.375996240E-03  0.174998250E-05  0.100000000E-04
  0.000000000E+00  0.986923267E+00  0.100000000E+03  0.999602004E+00  0.375996240E-03  0.174998250E-05  0.100000000E-04
  0.000000000E+00  0.986923267E+00  0.150000000E+03  0.999602004E+00  0.375996240E-03  0.174998250E-05  0.100000000E-04
  0.000000000E+00  0.986923267E+00  0.200000000E+03  0.999602004E+00  0.375996240E-03  0.174998250E-05  0.100000000E-04
  0.000000000E+00  0.986923267E+00  0.250000000E+03  0.999602004E+00  0.375996240E-03  0.174998250E-05  0.100000000E-04
  0.000000000E+00  0.986923267E+00  0.300000000E+03  0.999602004E+00  0.375996240E-03  0.174998250E-05  0.100000000E-04
  0.000000000E+00  0.986923267E+00  0.350000000E+03  0.999602004E+00  0.375996240E-03  0.174998250E-05  0.100000000E-04
  0.000000000E+00  0.986923267E+00  0.400000000E+03  0.999602004E+00  0.375996240E-03  0.174998250E-05  0.100000000E-04
  0.000000000E+00  0.986923267E+01  0.100000000E+03  0.999602004E+00  0.375996240E-03  0.174998250E-05  0.100000000E-04
  0.000000000E+00  0.986923267E+01  0.150000000E+03  0.999602004E+00  0.375996240E-03  0.174998250E-05  0.100000000E-04
  0.000000000E+00  0.986923267E+01  0.200000000E+03  0.999602004E+00  0.375996240E-03  0.174998250E-05  0.100000000E-04
  0.000000000E+00  0.986923267E+01  0.250000000E+03  0.999602004E+00  0.375996240E-03  0.174998250E-05  0.100000000E-04
  0.000000000E+00  0.986923267E+01  0.300000000E+03  0.999602004E+00  0.375996240E-03  0.174998250E-05  0.100000000E-04
  0.000000000E+00  0.986923267E+01  0.350000000E+03  0.999602004E+00  0.375996240E-03  0.174998250E-05  0.100000000E-04
  0.000000000E+00  0.986923267E+01  0.400000000E+03  0.999602004E+00  0.375996240E-03  0.174998250E-05  0.100000000E-04
  0.000000000E+00  0.986923267E+02  0.100000000E+03  0.999602004E+00  0.375996240E-03  0.174998250E-05  0.100000000E-04
  0.000000000E+00  0.986923267E+02  0.150000000E+03  0.999602004E+00  0.375996240E-03  0.174998250E-05  0.100000000E-04
  0.000000000E+00  0.986923267E+02  0.200000000E+03  0.999602004E+00  0.375996240E-03  0.174998250E-05  0.100000000E-04
  0.000000000E+00  0.986923267E+02  0.250000000E+03  0.999602004E+00  0.375996240E-03  0.174998250E-05  0.100000000E-04
  0.000000000E+00  0.986923267E+02  0.300000000E+03  0.999602004E+00  0.375996240E-03  0.174998250E-05  0.100000000E-04
  0.000000000E+00  0.986923267E+02  0.350000000E+03  0.999602004E+00  0.375996240E-03  0.174998250E-05  0.100000000E-04
  0.000000000E+00  0.986923267E+02  0.400000000E+03  0.999602004E+00  0.375996240E-03  0.174998250E-05  0.100000000E-04
  0.000000000E+00  0.986923267E-06  0.100000000E+03  0.999512039E+00  0.375962400E-03  0.174982500E-05  0.100000000E-03
  0.000000000E+00  0.986923267E-06  0.150000000E+03  0.999512039E+00  0.375962400E-03  0.174982500E-05  0.100000000E-03
  0.000000000E+00  0.986923267E-06  0.200000000E+03  0.999512039E+00  0.375962400E-03  0.174982500E-05  0.100000000E-03
  0.000000000E+00  0.986923267E-06  0.250000000E+03  0.999512039E+00  0.375962400E-03  0.174982500E-05  0.100000000E-03
  0.000000000E+00  0.986923267E-06  0.300000000E+03  0.999512039E+00  0.375962400E-03  0.174982500E-05  0.100000000E-03
  0.000000000E+00  0.986923267E-06  0.350000000E+03  0.999512039E+00  0.375962400E-03  0.174982500E-05  0.100000000E-03
  0.000000000E+00  0.986923267E-06  0.400000000E+03  0.999512039E+00  0.375962400E-03  0.174982500E-05  0.100000000E-03
  0.000000000E+00  0.986923267E-05  0.100000000E+03  0.999512039E+00  0.375962400E-03  0.174982500E-05  0.100000000E-03
  0.000000000E+00  0.986923267E-05  0.150000000E+03  0.999512039E+00  0.375962400E-03  0.174982500E-05  0.100000000E-03
  0.000000000E+00  0.986923267E-05  0.200000000E+03  0.999512039E+00  0.375962400E-03  0.174982500E-05  0.100000000E-03
  0.000000000E+00  0.986923267E-05  0.250000000E+03  0.999512039E+00  0.375962400E-03  0.174982500E-05  0.100000000E-03
  0.000000000E+00  0.986923267E-05  0.300000000E+03  0.999512039E+00  0.375962400E-03  0.174982500E-05  0.100000000E-03
  0.000000000E+00  0.986923267E-05  0.350000000E+03  0.999512039E+00  0.375962400E-03  0.174982500E-05  0.100000000E-03
  0.000000000E+00  0.986923267E-05  0.400000000E+03  0.999512039E+00  0.375962400E-03  0.174982500E-05  0.100000000E-03
  0.000000000E+00  0.986923267E-04  0.100000000E+03  0.999512039E+00  0.375962400E-03  0.174982500E-05  0.100000000E-03
  0.000000000E+00  0.986923267E-04  0.150000000E+03  0.999512039E+00  0.375962400E-03  0.174982500E-05  0.100000000E-03
  0.000000000E+00  0.986923267E-04  0.200000000E+03  0.999512039E+00  0.375962400E-03  0.174982500E-05  0.100000000E-03
  0.000000000E+00  0.986923267E-04  0.250000000E+03  0.999512039E+00  0.375962400E-03  0.174982500E-05  0.100000000E-03
  0.000000000E+00  0.986923267E-04  0.300000000E+03  0.999512039E+00  0.375962400E-03  0.174982500E-05  0.100000000E-03
  0.000000000E+00  0.986923267E-04  0.350000000E+03  0.999512039E+00  0.375962400E-03  0.174982500E-05  0.100000000E-03
  0.000000000E+00  0.986923267E-04  0.400000000E+03  0.999512039E+00  0.375962400E-03  0.174982500E-05  0.100000000E-03
  0.000000000E+00  0.986923267E-03  0.100000000E+03  0.999512039E+00  0.375962400E-03  0.174982500E-05  0.100000000E-03
  0.000000000E+00  0.986923267E-03  0.150000000E+03  0.999512039E+00  0.375962400E-03  0.174982500E-05  0.100000000E-03
  0.000000000E+00  0.986923267E-03  0.200000000E+03  0.999512039E+00  0.375962400E-03  0.174982500E-05  0.100000000E-03
  0.000000000E+00  0.986923267E-03  0.250000000E+03  0.999512039E+00  0.375962400E-03  0.174982500E-05  0.100000000E-03
  0.000000000E+00  0.986923267E-03  0.300000000E+03  0.999512039E+00  0.375962400E-03  0.174982500E-05  0.100000000E-03
  0.000000000E+00  0.986923267E-03  0.350000000E+03  0.999512039E+00  0.375962400E-03  0.174982500E-05  0.100000000E-03
  0.000000000E+00  0.986923267E-03  0.400000000E+03  0.999512039E+00  0.375962400E-03  0.174982500E-05  0.100000000E-03
  0.000000000E+00  0.986923267E-02  0.100000000E+03  0.999512039E+00  0.375962400E-03  0.174982500E-05  0.100000000E-03
  0.000000000E+00  0.986923267E-02  0.150000000E+03  0.999512039E+00  0.375962400E-03  0.174982500E-05  0.100000000E-03
  0.000000000E+00  0.986923267E-02  0.200000000E+03  0.999512039E+00  0.375962400E-03  0.174982500E-05  0.100000000E-03
  0.000000000E+00  0.986923267E-02  0.250000000E+03  0.999512039E+00  0.375962400E-03  0.174982500E-05  0.100000000E-03
  0.000000000E+00  0.986923267E-02  0.300000000E+03  0.999512039E+00  0.375962400E-03  0.174982500E-05  0.100000000E-03
  0.000000000E+00  0.986923267E-02  0.350000000E+03  0.999512039E+00  0.375962400E-03  0.174982500E-05  0.100000000E-03
  0.000000000E+00  0.986923267E-02  0.400000000E+03  0.999512039E+00  0.375962400E-03  0.174982500E-05  0.100000000E-03
  0.000000000E+00  0.986923267E-01  0.100000000E+03  0.999512039E+00  0.375962400E-03  0.174982500E-05  0.100000000E-03
  0.000000000E+00  0.986923267E-01  0.150000000E+03  0.999512039E+00  0.375962400E-03  0.174982500E-05  0.100000000E-03
  0.000000000E+00  0.986923267E-01  0.200000000E+03  0.999512039E+00  0.375962400E-03  0.174982500E-05  0.100000000E-03
  0.000000000E+00  0.986923267E-01  0.250000000E+03  0.999512039E+00  0.375962400E-03  0.174982500E-05  0.100000000E-03
  0.000000000E+00  0.986923267E-01  0.300000000E+03  0.999512039E+00  0.375962400E-03  0.174982500E-05  0.100000000E-03
  0.000000000E+00  0.986923267E-01  0.350000000E+03  0.999512039E+00  0.375962400E-03  0.174982500E-05  0.100000000E-03
  0.000000000E+00  0.986923267E-01  0.400000000E+03  0.999512039E+00  0.375962400E-03  0.174982500E-05  0.100000000E-03
  0.000000000E+00  0.986923267E+00  0.100000000E+03  0.999512039E+00  0.375962400E-03  0.174982500E-05  0.100000000E-03
  0.000000000E+00  0.986923267E+00  0.150000000E+03  0.999512039E+00  0.375962400E-03  0.174982500E-05  0.100000000E-03
  0.000000000E+00  0.986923267E+00  0.200000000E+03  0.999512039E+00  0.375962400E-03  0.174982500E-05  0.100000000E-03
  0.000000000E+00  0.986923267E+00  0.250000000E+03  0.999512039E+00  0.375962400E-03  0.174982500E-05  0.100000000E-03
  0.000000000E+00  0.986923267E+00  0.300000000E+03  0.999512039E+00  0.375962400E-03  0.174982500E-05  0.100000000E-03
  0.000000000E+00  0.986923267E+00  0.350000000E+03  0.999512039E+00  0.375962400E-03  0.174982500E-05  0.100000000E-03
  0.000000000E+00  0.986923267E+00  0.400000000E+03  0.999512039E+00  0.375962400E-03  0.174982500E-05  0.100000000E-03
  0.000000000E+00  0.986923267E+01  0.100000000E+03  0.999512039E+00  0.375962400E-03  0.174982500E-05  0.100000000E-03
  0.000000000E+00  0.986923267E+01  0.150000000E+03  0.999512039E+00  0.375962400E-03  0.174982500E-05  0.100000000E-03
  0.000000000E+00  0.986923267E+01  0.200000000E+03  0.999512039E+00  0.375962400E-03  0.174982500E-05  0.100000000E-03
  0.000000000E+00  0.986923267E+01  0.250000000E+03  0.999512039E+00  0.375962400E-03  0.174982500E-05  0.100000000E-03
  0.000000000E+00  0.986923267E+01  0.300000000E+03  0.999512039E+00  0.375962400E-03  0.174982500E-05  0.100000000E-03
  0.000000000E+00  0.986923267E+01  0.350000000E+03  0.999512039E+00  0.375962400E-03  0.174982500E-05  0.100000000E-03
  0.000000000E+00  0.986923267E+01  0.400000000E+03  0.999512039E+00  0.375962400E-03  0.174982500E-05  0.100000000E-03
  0.000000000E+00  0.986923267E+02  0.100000000E+03  0.999512039E+00  0.375962400E-03  0.174982500E-05  0.100000000E-03
  0.000000000E+00  0.986923267E+02  0.150000000E+03  0.999512039E+00  0.375962400E-03  0.174982500E-05  0.100000000E-03
  0.000000000E+00  0.986923267E+02  0.200000000E+03  0.999512039E+00  0.375962400E-03  0.174982500E-05  0.100000000E-03
  0.000000000E+00  0.986923267E+02  0.250000000E+03  0.999512039E+00  0.375962400E-03  0.174982500E-05  0.100000000E-03
  0.000000000E+00  0.986923267E+02  0.300000000E+03  0.999512039E+00  0.375962400E-03  0.174982500E-05  0.100000000E-03
  0.000000000E+00  0.986923267E+02  0.350000000E+03  0.999512039E+00  0.375962400E-03  0.174982500E-05  0.100000000E-03
  0.000000000E+00  0.986923267E+02  0.400000000E+03  0.999512039E+00  0.375962400E-03  0.174982500E-05  0.100000000E-03
  0.000000000E+00  0.986923267E-06  0.100000000E+03  0.998612388E+00  0.375624000E-03  0.174825000E-05  0.100000000E-02
  0.000000000E+00  0.986923267E-06  0.150000000E+03  0.998612388E+00  0.375624000E-03  0.174825000E-05  0.100000000E-02
  0.000000000E+00  0.986923267E-06  0.200000000E+03  0.998612388E+00  0.375624000E-03  0.174825000E-05  0.100000000E-02
  0.000000000E+00  0.986923267E-06  0.250000000E+03  0.998612388E+00  0.375624000E-03  0.174825000E-05  0.100000000E-02
  0.000000000E+00  0.986923267E-06  0.300000000E+03  0.998612388E+00  0.375624000E-03  0.174825000E-05  0.100000000E-02
  0.000000000E+00  0.986923267E-06  0.350000000E+03  0.998612388E+00  0.375624000E-03  0.174825000E-05  0.100000000E-02
  0.000000000E+00  0.986923267E-06  0.400000000E+03  0.998612388E+00  0.375624000E-03  0.174825000E-05  0.100000000E-02
  0.000000000E+00  0.986923267E-05  0.100000000E+03  0.998612388E+00  0.375624000E-03  0.174825000E-05  0.100000000E-02
  0.000000000E+00  0.986923267E-05  0.150000000E+03  0.998612388E+00  0.375624000E-03  0.174825000E-05  0.100000000E-02
  0.000000000E+00  0.986923267E-05  0.200000000E+03  0.998612388E+00  0.375624000E-03  0.174825000E-05  0.100000000E-02
  0.000000000E+00  0.986923267E-05  0.250000000E+03  0.998612388E+00  0.375624000E-03  0.174825000E-05  0.100000000E-02
  0.000000000E+00  0.986923267E-05  0.300000000E+03  0.998612388E+00  0.375624000E-03  0.174825000E-05  0.100000000E-02
  0.000000000E+00  0.986923267E-05  0.350000000E+03  0.998612388E+00  0.375624000E-03  0.174825000E-05  0.100000000E-02
  0.000000000E+00  0.986923267E-05  0.400000000E+03  0.998612388E+00  0.375624000E-03  0.174825000E-05  0.100000000E-02
  0.000000000E+00  0.986923267E-04  0.100000000E+03  0.998612388E+00  0.375624000E-03  0.174825000E-05  0.100000000E-02
  0.000000000E+00  0.986923267E-04  0.150000000E+03  0.998612388E+00  0.375624000E-03  0.174825000E-05  0.100000000E-02
  0.000000000E+00  0.986923267E-04  0.200000000E+03  0.998612388E+00  0.375624000E-03  0.174825000E-05  0.100000000E-02
  0.000000000E+00  0.986923267E-04  0.250000000E+03  0.998612388E+00  0.375624000E-03  0.174825000E-05  0.100000000E-02
  0.000000000E+00  0.986923267E-04  0.300000000E+03  0.998612388E+00  0.375624000E-03  0.174825000E-05  0.100000000E-02
  0.000000000E+00  0.986923267E-04  0.350000000E+03  0.998612388E+00  0.375624000E-03  0.174825000E-05  0.100000000E-02
  0.000000000E+00  0.986923267E-04  0.400000000E+03  0.998612388E+00  0.375624000E-03  0.174825000E-05  0.100000000E-02
  0.000000000E+00  0.986923267E-03  0.100000000E+03  0.998612388E+00  0.375624000E-03  0.174825000E-05  0.100000000E-02
  0.000000000E+00  0.986923267E-03  0.150000000E+03  0.998612388E+00  0.375624000E-03  0.174825000E-05  0.100000000E-02
  0.000000000E+00  0.986923267E-03  0.200000000E+03  0.998612388E+00  0.375624000E-03  0.174825000E-05  0.100000000E-02
  0.000000000E+00  0.986923267E-03  0.250000000E+03  0.998612388E+00  0.375624000E-03  0.174825000E-05  0.100000000E-02
  0.000000000E+00  0.986923267E-03  0.300000000E+03  0.998612388E+00  0.375624000E-03  0.174825000E-05  0.100000000E-02
  0.000000000E+00  0.986923267E-03  0.350000000E+03  0.998612388E+00  0.375624000E-03  0.174825000E-05  0.100000000E-02
  0.000000000E+00  0.986923267E-03  0.400000000E+03  0.998612388E+00  0.375624000E-03  0.174825000E-05  0.100000000E-02
  0.000000000E+00  0.986923267E-02  0.100000000E+03  0.998612388E+00  0.375624000E-03  0.174825000E-05  0.100000000E-02
  0.000000000E+00  0.986923267E-02  0.150000000E+03  0.998612388E+00  0.375624000E-03  0.174825000E-05  0.100000000E-02
  0.000000000E+00  0.986923267E-02  0.200000000E+03  0.998612388E+00  0.375624000E-03  0.174825000E-05  0.100000000E-02
  0.000000000E+00  0.986923267E-02  0.250000000E+03  0.998612388E+00  0.375624000E-03  0.174825000E-05  0.100000000E-02
  0.000000000E+00  0.986923267E-02  0.300000000E+03  0.998612388E+00  0.375624000E-03  0.174825000E-05  0.100000000E-02
  0.000000000E+00  0.986923267E-02  0.350000000E+03  0.998612388E+00  0.375624000E-03  0.174825000E-05  0.100000000E-02
  0.000000000E+00  0.986923267E-02  0.400000000E+03  0.998612388E+00  0.375624000E-03  0.174825000E-05  0.100000000E-02
  0.000000000E+00  0.986923267E-01  0.100000000E+03  0.998612388E+00  0.375624000E-03  0.174825000E-05  0.100000000E-02
  0.000000000E+00  0.986923267E-01  0.150000000E+03  0.998612388E+00  0.375624000E-03  0.174825000E-05  0.100000000E-02
  0.000000000E+00  0.986923267E-01  0.200000000E+03  0.998612388E+00  0.375624000E-03  0.174825000E-05  0.100000000E-02
  0.000000000E+00  0.986923267E-01  0.250000000E+03  0.998612388E+00  0.375624000E-03  0.174825000E-05  0.100000000E-02
  0.000000000E+00  0.986923267E-01  0.300000000E+03  0.998612388E+00  0.375624000E-03  0.174825000E-05  0.100000000E-02
  0.000000000E+00  0.986923267E-01  0.350000000E+03  0.998612388E+00  0.375624000E-03  0.174825000E-05  0.100000000E-02
  0.000000000E+00  0.986923267E-01  0.400000000E+03  0.998612388E+00  0.375624000E-03  0.174825000E-05  0.100000000E-02
  0.000000000E+00  0.986923267E+00  0.100000000E+03  0.998612388E+00  0.375624000E-03  0.174825000E-05  0.100000000E-02
  0.000000000E+00  0.986923267E+00  0.150000000E+03  0.998612388E+00  0.375624000E-03  0.174825000E-05  0.100000000E-02
  0.000000000E+00  0.986923267E+00  0.200000000E+03  0.998612388E+00  0.375624000E-03  0.174825000E-05  0.100000000E-02
  0.000000000E+00  0.986923267E+00  0.250000000E+03  0.998612388E+00  0.375624000E-03  0.174825000E-05  0.100000000E-02
  0.000000000E+00  0.986923267E+00  0.300000000E+03  0.998612388E+00  0.375624000E-03  0.174825000E-05  0.100000000E-02
  0.000000000E+00  0.986923267E+00  0.350000000E+03  0.998612388E+00  0.375624000E-03  0.174825000E-05  0.100000000E-02
  0.000000000E+00  0.986923267E+00  0.400000000E+03  0.998612388E+00  0.375624000E-03  0.174825000E-05  0.100000000E-02
  0.000000000E+00  0.986923267E+01  0.100000000E+03  0.998612388E+00  0.375624000E-03  0.174825000E-05  0.100000000E-02
  0.000000000E+00  0.986923267E+01  0.150000000E+03  0.998612388E+00  0.375624000E-03  0.174825000E-05  0.100000000E-02
  0.000000000E+00  0.986923267E+01  0.200000000E+03  0.998612388E+00  0.375624000E-03  0.174825000E-05  0.100000000E-02
  0.000000000E+00  0.986923267E+01  0.250000000E+03  0.998612388E+00  0.375624000E-03  0.174825000E-05  0.100000000E-02
  0.000000000E+00  0.986923267E+01  0.300000000E+03  0.998612388E+00  0.375624000E-03  0.174825000E-05  0.100000000E-02
  0.000000000E+00  0.986923267E+01  0.350000000E+03  0.998612388E+00  0.375624000E-03  0.174825000E-05  0.100000000E-02
  0.000000000E+00  0.986923267E+01  0.400000000E+03  0.998612388E+00  0.375624000E-03  0.174825000E-05  0.100000000E-02
  0.000000000E+00  0.986923267E+02  0.100000000E+03  0.998612388E+00  0.375624000E-03  0.174825000E-05  0.100000000E-02
  0.000000000E+00  0.986923267E+02  0.150000000E+03  0.998612388E+00  0.375624000E-03  0.174825000E-05  0.100000000E-02
  0.000000000E+00  0.986923267E+02  0.200000000E+03  0.998612388E+00  0.375624000E-03  0.174825000E-05  0.100000000E-02
  0.000000000E+00  0.986923267E+02  0.250000000E+03  0.998612388E+00  0.375624000E-03  0.174825000E-05  0.100000000E-02
  0.000000000E+00  0.986923267E+02  0.300000000E+03  0.998612388E+00  0.375624000E-03  0.174825000E-05  0.100000000E-02
  0.000000000E+00  0.986923267E+02  0.350000000E+03  0.998612388E+00  0.375624000E-03  0.174825000E-05  0.100000000E-02
  0.000000000E+00  0.986923267E+02  0.400000000E+03  0.998612388E+00  0.375624000E-03  0.174825000E-05  0.100000000E-02
  0.000000000E+00  0.986923267E-06  0.100000000E+03  0.989615880E+00  0.372240000E-03  0.173250000E-05  0.100000000E-01
  0.000000000E+00  0.986923267E-06  0.150000000E+03  0.989615880E+00  0.372240000E-03  0.173250000E-05  0.100000000E-01
  0.000000000E+00  0.986923267E-06  0.200000000E+03  0.989615880E+00  0.372240000E-03  0.173250000E-05  0.100000000E-01
  0.000000000E+00  0.986923267E-06  0.250000000E+03  0.989615880E+00  0.372240000E-03  0.173250000E-05  0.100000000E-01
  0.000000000E+00  0.986923267E-06  0.300000000E+03  0.989615880E+00  0.372240000E-03  0.173250000E-05  0.100000000E-01
  0.000000000E+00  0.986923267E-06  0.350000000E+03  0.989615880E+00  0.372240000E-03  0.173250000E-05  0.100000000E-01
  0.000000000E+00  0.986923267E-06  0.400000000E+03  0.989615880E+00  0.372240000E-03  0.173250000E-05  0.100000000E-01
  0.000000000E+00  0.986923267E-05  0.100000000E+03  0.989615880E+00  0.372240000E-03  0.173250000E-05  0.100000000E-01
  0.000000000E+00  0.986923267E-05  0.150000000E+03  0.989615880E+00  0.372240000E-03  0.173250000E-05  0.100000000E-01
  0.000000000E+00  0.986923267E-05  0.200000000E+03  0.989615880E+00  0.372240000E-03  0.173250000E-05  0.100000000E-01
  0.000000000E+00  0.986923267E-05  0.250000000E+03  0.989615880E+00  0.372240000E-03  0.173250000E-05  0.100000000E-01
  0.000000000E+00  0.986923267E-05  0.300000000E+03  0.989615880E+00  0.372240000E-03  0.173250000E-05  0.100000000E-01
  0.000000000E+00  0.986923267E-05  0.350000000E+03  0.989615880E+00  0.372240000E-03  0.173250000E-05  0.100000000E-01
  0.000000000E+00  0.986923267E-05  0.400000000E+03  0.989615880E+00  0.372240000E-03  0.173250000E-05  0.100000000E-01
  0.000000000E+00  0.986923267E-04  0.100000000E+03  0.989615880E+00  0.372240000E-03  0.173250000E-05  0.100000000E-01
  0.000000000E+00  0.986923267E-04  0.150000000E+03  0.989615880E+00  0.372240000E-03  0.173250000E-05  0.100000000E-01
  0.000000000E+00  0.986923267E-04  0.200000000E+03  0.989615880E+00  0.372240000E-03  0.173250000E-05  0.100000000E-01
  0.000000000E+00  0.986923267E-04  0.250000000E+03  0.989615880E+00  0.372240000E-03  0.173250000E-05  0.100000000E-01
  0.000000000E+00  0.986923267E-04  0.300000000E+03  0.989615880E+00  0.372240000E-03  0.173250000E-05  0.100000000E-01
  0.000000000E+00  0.986923267E-04  0.350000000E+03  0.989615880E+00  0.372240000E-03  0.173250000E-05  0.100000000E-01
  0.000000000E+00  0.986923267E-04  0.400000000E+03  0.989615880E+00  0.372240000E-03  0.173250000E-05  0.100000000E-01
  0.000000000E+00  0.986923267E-03  0.100000000E+03  0.989615880E+00  0.372240000E-03  0.173250000E-05  0.100000000E-01
  0.000000000E+00  0.986923267E-03  0.150000000E+03  0.989615880E+00  0.372240000E-03  0.173250000E-05  0.100000000E-01
  0.000000000E+00  0.986923267E-03  0.200000000E+03  0.989615880E+00  0.372240000E-03  0.173250000E-05  0.100000000E-01
  0.000000000E+00  0.986923267E-03  0.250000000E+03  0.989615880E+00  0.372240000E-03  0.173250000E-05  0.100000000E-01
  0.000000000E+00  0.986923267E-03  0.300000000E+03  0.989615880E+00  0.372240000E-03  0.173250000E-05  0.100000000E-01
  0.000000000E+00  0.986923267E-03  0.350000000E+03  0.989615880E+00  0.372240000E-03  0.173250000E-05  0.100000000E-01
  0.000000000E+00  0.986923267E-03  0.400000000E+03  0.989615880E+00  0.372240000E-03  0.173250000E-05  0.100000000E-01
  0.000000000E+00  0.986923267E-02  0.100000000E+03  0.989615880E+00  0.372240000E-03  0.173250000E-05  0.100000000E-01
  0.000000000E+00  0.986923267E-02  0.150000000E+03  0.989615880E+00  0.372240000E-03  0.173250000E-05  0.100000000E-01
  0.000000000E+00  0.986923267E-02  0.200000000E+03  0.989615880E+00  0.372240000E-03  0.173250000E-05  0.100000000E-01
  0.000000000E+00  0.986923267E-02  0.250000000E+03  0.989615880E+00  0.372240000E-03  0.173250000E-05  0.100000000E-01
  0.000000000E+00  0.986923267E-02  0.300000000E+03  0.989615880E+00  0.372240000E-03  0.173250000E-05  0.100000000E-01
  0.000000000E+00  0.986923267E-02  0.350000000E+03  0.989615880E+00  0.372240000E-03  0.173250000E-05  0.100000000E-01
  0.000000000E+00  0.986923267E-02  0.400000000E+03  0.989615880E+00  0.372240000E-03  0.173250000E-05  0.100000000E-01
  0.000000000E+00  0.986923267E-01  0.100000000E+03  0.989615880E+00  0.372240000E-03  0.173250000E-05  0.100000000E-01
  0.000000000E+00  0.986923267E-01  0.150000000E+03  0.989615880E+00  0.372240000E-03  0.173250000E-05  0.100000000E-01
  0.000000000E+00  0.986923267E-01  0.200000000E+03  0.989615880E+00  0.372240000E-03  0.173250000E-05  0.100000000E-01
  0.000000000E+00  0.986923267E-01  0.250000000E+03  0.989615880E+00  0.372240000E-03  0.173250000E-05  0.100000000E-01
  0.000000000E+00  0.986923267E-01  0.300000000E+03  0.989615880E+00  0.372240000E-03  0.173250000E-05  0.100000000E-01
  0.000000000E+00  0.986923267E-01  0.350000000E+03  0.989615880E+00  0.372240000E-03  0.173250000E-05  0.100000000E-01
  0.000000000E+00  0.986923267E-01  0.400000000E+03  0.989615880E+00  0.372240000E-03  0.173250000E-05  0.100000000E-01
  0.000000000E+00  0.986923267E+00  0.100000000E+03  0.989615880E+00  0.372240000E-03  0.173250000E-05  0.100000000E-01
  0.000000000E+00  0.986923267E+00  0.150000000E+03  0.989615880E+00  0.372240000E-03  0.173250000E-05  0.100000000E-01
  0.000000000E+00  0.986923267E+00  0.200000000E+03  0.989615880E+00  0.372240000E-03  0.173250000E-05  0.100000000E-01
  0.000000000E+00  0.986923267E+00  0.250000000E+03  0.989615880E+00  0.372240000E-03  0.173250000E-05  0.100000000E-01
  0.000000000E+00  0.986923267E+00  0.300000000E+03  0.989615880E+00  0.372240000E-03  0.173250000E-05  0.100000000E-01
  0.000000000E+00  0.986923267E+00  0.350000000E+03  0.989615880E+00  0.372240000E-03  0.173250000E-05  0.100000000E-01
  0.000000000E+00  0.986923267E+00  0.400000000E+03  0.989615880E+00  0.372240000E-03  0.173250000E-05  0.100000000E-01
  0.000000000E+00  0.986923267E+01  0.100000000E+03  0.989615880E+00  0.372240000E-03  0.173250000E-05  0.100000000E-01
  0.000000000E+00  0.986923267E+01  0.150000000E+03  0.989615880E+00  0.372240000E-03  0.173250000E-05  0.100000000E-01
  0.000000000E+00  0.986923267E+01  0.200000000E+03  0.989615880E+00  0.372240000E-03  0.173250000E-05  0.100000000E-01
  0.000000000E+00  0.986923267E+01  0.250000000E+03  0.989615880E+00  0.372240000E-03  0.173250000E-05  0.100000000E-01
  0.000000000E+00  0.986923267E+01  0.300000000E+03  0.989615880E+00  0.372240000E-03  0.173250000E-05  0.100000000E-01
  0.000000000E+00  0.986923267E+01  0.350000000E+03  0.989615880E+00  0.372240000E-03  0.173250000E-05  0.100000000E-01
  0.000000000E+00  0.986923267E+01  0.400000000E+03  0.989615880E+00  0.372240000E-03  0.173250000E-05  0.100000000E-01
  0.000000000E+00  0.986923267E+02  0.100000000E+03  0.989615880E+00  0.372240000E-03  0.173250000E-05  0.100000000E-01
  0.000000000E+00  0.986923267E+02  0.150000000E+03  0.989615880E+00  0.372240000E-03  0.173250000E-05  0.100000000E-01
  0.000000000E+00  0.986923267E+02  0.200000000E+03  0.989615880E+00  0.372240000E-03  0.173250000E-05  0.100000000E-01
  0.000000000E+00  0.986923267E+02  0.250000000E+03  0.989615880E+00  0.372240000E-03  0.173250000E-05  0.100000000E-01
  0.000000000E+00  0.986923267E+02  0.300000000E+03  0.989615880E+00  0.372240000E-03  0.173250000E-05  0.100000000E-01
  0.000000000E+00  0.986923267E+02  0.350000000E+03  0.989615880E+00  0.372240000E-03  0.173250000E-05  0.100000000E-01
  0.000000000E+00  0.986923267E+02  0.400000000E+03  0.989615880E+00  0.372240000E-03  0.173250000E-05  0.100000000E-01
  0.000000000E+00  0.986923267E-06  0.100000000E+03  0.899650800E+00  0.338400000E-03  0.157500000E-05  0.100000000E+00
  0.000000000E+00  0.986923267E-06  0.150000000E+03  0.899650800E+00  0.338400000E-03  0.157500000E-05  0.100000000E+00
  0.000000000E+00  0.986923267E-06  0.200000000E+03  0.899650800E+00  0.338400000E-03  0.157500000E-05  0.100000000E+00
  0.000000000E+00  0.986923267E-06  0.250000000E+03  0.899650800E+00  0.338400000E-03  0.157500000E-05  0.100000000E+00
  0.000000000E+00  0.986923267E-06  0.300000000E+03  0.899650800E+00  0.338400000E-03  0.157500000E-05  0.100000000E+00
  0.000000000E+00  0.986923267E-06  0.350000000E+03  0.899650800E+00  0.338400000E-03  0.157500000E-05  0.100000000E+00
  0.000000000E+00  0.986923267E-06  0.400000000E+03  0.899650800E+00  0.338400000E-03  0.157500000E-05  0.100000000E+00
  0.000000000E+00  0.986923267E-05  0.100000000E+03  0.899650800E+00  0.338400000E-03  0.157500000E-05  0.100000000E+00
  0.000000000E+00  0.986923267E-05  0.150000000E+03  0.899650800E+00  0.338400000E-03  0.157500000E-05  0.100000000E+00
  0.000000000E+00  0.986923267E-05  0.200000000E+03  0.899650800E+00  0.338400000E-03  0.157500000E-05  0.100000000E+00
  0.000000000E+00  0.986923267E-05  0.250000000E+03  0.899650800E+00  0.338400000E-03  0.157500000E-05  0.100000000E+00
  0.000000000E+00  0.986923267E-05  0.300000000E+03  0.899650800E+00  0.338400000E-03  0.157500000E-05  0.100000000E+00
  0.000000000E+00  0.986923267E-05  0.350000000E+03  0.899650800E+00  0.338400000E-03  0.157500000E-05  0.100000000E+00
  0.000000000E+00  0.986923267E-05  0.400000000E+03  0.899650800E+00  0.338400000E-03  0.157500000E-05  0.100000000E+00
  0.000000000E+00  0.986923267E-04  0.100000000E+03  0.899650800E+00  0.338400000E-03  0.157500000E-05  0.100000000E+00
  0.000000000E+00  0.986923267E-04  0.150000000E+03  0.899650800E+00  0.338400000E-03  0.157500000E-05  0.100000000E+00
  0.000000000E+00  0.986923267E-04  0.200000000E+03  0.899650800E+00  0.338400000E-03  0.157500000E-05  0.100000000E+00
  0.000000000E+00  0.986923267E-04  0.250000000E+03  0.899650800E+00  0.338400000E-03  0.157500000E-05  0.100000000E+00
  0.000000000E+00  0.986923267E-04  0.300000000E+03  0.899650800E+00  0.338400000E-03  0.157500000E-05  0.100000000E+00
  0.000000000E+00  0.986923267E-04  0.350000000E+03  0.899650800E+00  0.338400000E-03  0.157500000E-05  0.100000000E+00
  0.000000000E+00  0.986923267E-04  0.400000000E+03  0.899650800E+00  0.338400000E-03  0.157500000E-05  0.100000000E+00
  0.000000000E+00  0.986923267E-03  0.100000000E+03  0.899650800E+00  0.338400000E-03  0.157500000E-05  0.100000000E+00
  0.000000000E+00  0.986923267E-03  0.150000000E+03  0.899650800E+00  0.338400000E-03  0.157500000E-05  0.100000000E+00
  0.000000000E+00  0.986923267E-03  0.200000000E+03  0.899650800E+00  0.338400000E-03  0.157500000E-05  0.100000000E+00
  0.000000000E+00  0.986923267E-03  0.250000000E+03  0.899650800E+00  0.338400000E-03  0.157500000E-05  0.100000000E+00
  0.000000000E+00  0.986923267E-03  0.300000000E+03  0.899650800E+00  0.338400000E-03  0.157500000E-05  0.100000000E+00
  0.000000000E+00  0.986923267E-03  0.350000000E+03  0.899650800E+00  0.338400000E-03  0.157500000E-05  0.100000000E+00
  0.000000000E+00  0.986923267E-03  0.400000000E+03  0.899650800E+00  0.338400000E-03  0.157500000E-05  0.100000000E+00
  0.000000000E+00  0.986923267E-02  0.100000000E+03  0.899650800E+00  0.338400000E-03  0.157500000E-05  0.100000000E+00
  0.000000000E+00  0.986923267E-02  0.150000000E+03  0.899650800E+00  0.338400000E-03  0.157500000E-05  0.100000000E+00
  0.000000000E+00  0.986923267E-02  0.200000000E+03  0.899650800E+00  0.338400000E-03  0.157500000E-05  0.100000000E+00
  0.000000000E+00  0.986923267E-02  0.250000000E+03  0.899650800E+00  0.338400000E-03  0.157500000E-05  0.100000000E+00
  0.000000000E+00  0.986923267E-02  0.300000000E+03  0.899650800E+00  0.338400000E-03  0.157500000E-05  0.100000000E+00
  0.000000000E+00  0.986923267E-02  0.350000000E+03  0.899650800E+00  0.338400000E-03  0.157500000E-05  0.100000000E+00
  0.000000000E+00  0.986923267E-02  0.400000000E+03  0.899650800E+00  0.338400000E-03  0.157500000E-05  0.100000000E+00
  0.000000000E+00  0.986923267E-01  0.100000000E+03  0.899650800E+00  0.338400000E-03  0.157500000E-05  0.100000000E+00
  0.000000000E+00  0.986923267E-01  0.150000000E+03  0.899650800E+00  0.338400000E-03  0.157500000E-05  0.100000000E+00
  0.000000000E+00  0.986923267E-01  0.200000000E+03  0.899650800E+00  0.338400000E-03  0.157500000E-05  0.100000000E+00
  0.000000000E+00  0.986923267E-01  0.250000000E+03  0.899650800E+00  0.338400000E-03  0.157500000E-05  0.100000000E+00
  0.000000000E+00  0.986923267E-01  0.300000000E+03  0.899650800E+00  0.338400000E-03  0.157500000E-05  0.100000000E+00
  0.000000000E+00  0.986923267E-01  0.350000000E+03  0.899650800E+00  0.338400000E-03  0.157500000E-05  0.100000000E+00
  0.000000000E+00  0.986923267E-01  0.400000000E+03  0.899650800E+00  0.338400000E-03  0.157500000E-05  0.100000000E+00
  0.000000000E+00  0.986923267E+00  0.100000000E+03  0.899650800E+00  0.338400000E-03  0.157500000E-05  0.100000000E+00
  0.000000000E+00  0.986923267E+00  0.150000000E+03  0.899650800E+00  0.338400000E-03  0.157500000E-05  0.100000000E+00
  0.000000000E+00  0.986923267E+00  0.200000000E+03  0.899650800E+00  0.338400000E-03  0.157500000E-05  0.100000000E+00
  0.000000000E+00  0.986923267E+00  0.250000000E+03  0.899650800E+00  0.338400000E-03  0.157500000E-05  0.100000000E+00
  0.000000000E+00  0.986923267E+00  0.300000000E+03  0.899650800E+00  0.338400000E-03  0.157500000E-05  0.100000000E+00
  0.000000000E+00  0.986923267E+00  0.350000000E+03  0.899650800E+00  0.338400000E-03  0.157500000E-05  0.100000000E+00
  0.000000000E+00  0.986923267E+00  0.400000000E+03  0.899650800E+00  0.338400000E-03  0.157500000E-05  0.100000000E+00
  0.000000000E+00  0.986923267E+01  0.100000000E+03  0.899650800E+00  0.338400000E-03  0.157500000E-05  0.100000000E+00
  0.000000000E+00  0.986923267E+01  0.150000000E+03  0.899650800E+00  0.338400000E-03  0.157500000E-05  0.100000000E+00
  0.000000000E+00  0.986923267E+01  0.200000000E+03  0.899650800E+00  0.338400000E-03  0.157500000E-05  0.100000000E+00
  0.000000000E+00  0.986923267E+01  0.250000000E+03  0.899650800E+00  0.338400000E-03  0.157500000E-05  0.100000000E+00
  0.000000000E+00  0.986923267E+01  0.300000000E+03  0.899650800E+00  0.338400000E-03  0.157500000E-05  0.100000000E+00
  0.000000000E+00  0.986923267E+01  0.350000000E+03  0.899650800E+00  0.338400000E-03  0.157500000E-05  0.100000000E+00
  0.000000000E+00  0.986923267E+01  0.400000000E+03  0.899650800E+00  0.338400000E-03  0.157500000E-05  0.100000000E+00
  0.000000000E+00  0.986923267E+02  0.100000000E+03  0.899650800E+00  0.338400000E-03  0.157500000E-05  0.100000000E+00
  0.000000000E+00  0.986923267E+02  0.150000000E+03  0.899650800E+00  0.338400000E-03  0.157500000E-05  0.100000000E+00
  0.000000000E+00  0.986923267E+02  0.200000000E+03  0.899650800E+00  0.338400000E-03  0.157500000E-05  0.100000000E+00
  0.000000000E+00  0.986923267E+02  0.250000000E+03  0.899650800E+00  0.338400000E-03  0.157500000E-05  0.100000000E+00
  0.000000000E+00  0.986923267E+02  0.300000000E+03  0.899650800E+00  0.338400000E-03  0.157500000E-05  0.100000000E+00
  0.000000000E+00  0.986923267E+02  0.350000000E+03  0.899650800E+00  0.338400000E-03  0.157500000E-05  0.100000000E+00
  0.000000000E+00  0.986923267E+02  0.400000000E+03  0.899650800E+00  0.338400000E-03  0.157500000E-05  0.100000000E+00

